TM = 1
Rcr = 4.6000e+00
Rca = 3.1000e+00
EtaR = [1.6000000e+01]
ShfR = [5.0000000e-01,6.5757576e-01,8.1515152e-01,9.7272727e-01,1.1303030e+00,1.2878788e+00,1.4454545e+00,1.6030303e+00,1.7606061e+00,1.9181818e+00,2.0757576e+00,2.2333333e+00,2.3909091e+00,2.5484848e+00,2.7060606e+00,2.8636364e+00,3.0212121e+00,3.1787879e+00,3.3363636e+00,3.4939394e+00,3.6515152e+00,3.8090909e+00,3.9666667e+00,4.1242424e+00,4.2818182e+00,4.4393939e+00,4.5969697e+00,4.7545455e+00,4.9121212e+00,5.0696970e+00,5.2272727e+00,5.3848485e+00]
Zeta = [8.0000000e+00]
ShfZ = [0.0000000e+00,7.8539816e-01,1.5707963e+00,2.3561945e+00,3.1415927e+00,3.9269908e+00,4.7123890e+00,5.4977871e+00]
EtaA = [8.0000000e+00]
ShfA = [5.0000000e-01,8.2222222e-01,1.1444444e+00,1.4666667e+00,1.7888889e+00,2.1111111e+00,2.4333333e+00,2.7555556e+00]
Atyp = [H,C,O,N]
