TM = 1
Rcr = 4.6000e+00
Rca = 3.1000e+00
EtaR = [1.6000000e+01]
ShfR = [5.0000000e-01,7.5625000e-01,1.0125000e+00,1.2687500e+00,1.5250000e+00,1.7812500e+00,2.0375000e+00,2.2937500e+00,2.5500000e+00,2.8062500e+00,3.0625000e+00,3.3187500e+00,3.5750000e+00,3.8312500e+00,4.0875000e+00,4.3437500e+00]
Zeta = [8.0000000e+00]
ShfZ = [0.0000000e+00,7.8539816e-01,1.5707963e+00,2.3561945e+00,3.1415927e+00,3.9269908e+00,4.7123890e+00,5.4977871e+00]
EtaA = [6.0000000e+00]
ShfA = [5.0000000e-01,1.1500000e+00,1.8000000e+00,2.4500000e+00]
Atyp = [H,C,N,O]

